[[[ 89  58  59]
  [ 89  58  59]
  [ 89  58  59]
  ...
  [ 27   7   6]
  [ 27   7   6]
  [ 27   7   6]]

 [[ 93  62  63]
  [ 93  62  63]
  [ 93  62  63]
  ...
  [ 27   7   6]
  [ 27   7   6]
  [ 27   7   6]]

 [[ 98  66  67]
  [ 98  66  67]
  [ 98  66  67]
  ...
  [ 27   7   6]
  [ 27   7   6]
  [ 27   7   6]]

 ...

 [[ 36  12 137]
  [ 36  12 137]
  [ 36  12 137]
  ...
  [ 44  16 146]
  [ 44  16 146]
  [ 44  16 146]]

 [[ 37  14 137]
  [ 37  14 137]
  [ 37  14 137]
  ...
  [ 49  22 150]
  [ 49  22 150]
  [ 50  23 151]]

 [[ 37  14 137]
  [ 37  14 137]
  [ 37  14 137]
  ...
  [ 50  24 149]
  [ 50  23 151]
  [ 50  23 151]]]